card pos:

1. (412,402),(470,445)
2. (472,402),(532,445)

3. (314,210),(374,295)
4. (378,210),(438,295)
5. (442,210),(502,295)
6. (508,210),(566,295)
7. (572,210),(630,295)

8. (84,80),(144,124)
9. (144,80),(204,124)

10. (738,80),(800,124)
11. (800,80),(860,124)


[  1.   3.   5.   3.   7.   9.   5.   3.   4.   4.   3.   7.   6.   5.
   9.   5.   4.   2.   2.  12.   3.   8.   7.   7.   7.   8.   9.   3.
   6.   8.   7.   6.   6.   1.   7.   2.   8.   9.   4.   3.   5.   4.
   5.   8.   7.   5.   4.   5.   4.   8.   4.   4. 163.]